255 255 255 255 255 255 255 255 255 255 255 255 255 255 255 255
255 255 255 255 255 255 255 255 255 255 255 255 255 255 255 255
255 248 255 255 255   0 255   0 118 255 255 255 255   8 255 255
255 248 255 255 255 255 174   0   1 255 255 111   0   8 255 255
255 255 255 255 255 255 255 255 255 255 255 255 255 255 255 255
255 255 255 255 255 255 255 255 255 255 255 255 255 255 255 255
255 255 255 255 255  99   1   0 253 255 255 255 255 255 255 255
255 255 255 255 255 255 255 255   0 255 255 255 255 255 255 255
255 255 255 255 255 255 255 255 255 229 255 255 255 255 255 255
255 255 255 255 255 255 255 255 255 255 255 255 255 255 255 255
255 255 255 255 247 227 255 255 255  69 255  69  69  69 255 255
255 255 255   0  92 202   0   0 255   0 255   0 255   0 255 255
255 255   0 235  90  43 255 255 255   0 255   0   0   0 255 255
255 255 255 255 255 255 255 255 255 255 255 255 255 255 255 255
255 255 255 255 255 255 255 255 255 255 255 255 255 255 255 255
255 255 255 255 255 255 255 255 255 255 255 255 255 255 255 255
255 255 255 255 255 255 255 255 255 255 255 255 255 255 255 255
255 255 255 255 255 255 255 255 255 255 255 255 255 255 255 255
255 248 255 255 255   0 255   0 118 255 255 255 255   8 255 255
255 248 255 255 255 255 174   0   1 255 255 111   0   8 255 255
255 255 255 255 255 255 255 255 255 255 255 255 255 255 255 255
255 255 255 255 255 255 255 255 255 255 255 255 255 255 255 255
255 255 255 255 255 100   1   0 253 255 255 255 255 255 255 255
255 255 255 255 255 255 255 255   0 255 255 255 255 255 255 255
255 255 255 255 255 255 255 255 255 229 255 255 255 255 255 255
255 255 255 255 255 255 255 255 255 255 255 255 255 255 255 255
255 255 255 255 247 227 255 255 255  69 255  69  69  69 255 255
255 255 255   0  91 202   0   0 255   0 255   0 255   0 255 255
255 255   0 235  89  43 255 255 255   0 255   0   0   0 255 255
255 255 255 255 255 255 255 255 255 255 255 255 255 255 255 255
255 255 255 255 255 255 255 255 255 255 255 255 255 255 255 255
255 255 255 255 255 255 255 255 255 255 255 255 255 255 255 255
255 255 255 255 255 255 255 255 255 255 255 255 255 255 255 255
255 255 255 255 255 255 255 255 255 255 255 255 255 255 255 255
255 248 255 255 255   0 255   0 118 255 255 255 255   8 255 255
255 248 255 255 255 255 174   0   1 255 255 111   0   8 255 255
255 255 255 255 255 255 255 255 255 255 255 255 255 255 255 255
255 255 255 255 255 255 255 255 255 255 255 255 255 255 255 255
255 255 255 255 255  99   1   0 253 255 255 255 255 255 255 255
255 255 255 255 255 255 255 255   0 255 255 255 255 255 255 255
255 255 255 255 255 255 255 255 255 229 255 255 255 255 255 255
255 255 255 255 255 255 255 255 255 255 255 255 255 255 255 255
255 255 255 255 247 227 255 255 255  69 255  69  69  69 255 255
255 255 255   0  92 202   0   0 255   0 255   0 255   0 255 255
255 255   0 235  89  43 255 255 255   0 255   0   0   1 255 255
255 255 255 255 255 255 255 255 255 255 255 255 255 255 255 255
255 255 255 255 255 255 255 255 255 255 255 255 255 255 255 255
255 255 255 255 255 255 255 255 255 255 255 255 255 255 255 255

255 255 255 255 255 255 255 255 255 255 255 255 255 255 255 255
255 255 255 255 255 255 255 255 255 255 255 255 255 255 255 255
255 255   8   8 255 255 255 255 255 255  69   0   0 255 255 255
255 255 255   0 255 255 255 255 255 255  69 255   0 255 255 255
255 255 255 111 255 255 255 255 255 255  69   0   0 255 255 255
255 255 255 255 255 255 255 255 255 255 255 255 255 255 255 255
255 255 255 255 255 255 255 255 229 255  69   0   0 255 255 255
255 255 118   1 255 255 253   0 255 255 255 255 255 255 255 255
255 255   0   0 255 255   0 255 255 255 255   0 255 255 255 255
255 255 255 174 255 255   1 255 255 255 255   0 255 255 255 255
255 255   0 255 255 255  99 255 255 255 227 202  43 255 255 255
255 255 255 255 255 255 255 255 255 255 247  92  90 255 255 255
255 255 255 255 255 255 255 255 255 255 255   0 235 255 255 255
255 255 255 255 255 255 255 255 255 255 255 255   0 255 255 255
255 255 248 248 255 255 255 255 255 255 255 255 255 255 255 255
255 255 255 255 255 255 255 255 255 255 255 255 255 255 255 255
255 255 255 255 255 255 255 255 255 255 255 255 255 255 255 255
255 255 255 255 255 255 255 255 255 255 255 255 255 255 255 255
255 255   8   8 255 255 255 255 255 255  69   0   0 255 255 255
255 255 255   0 255 255 255 255 255 255  69 255   0 255 255 255
255 255 255 111 255 255 255 255 255 255  69   0   0 255 255 255
255 255 255 255 255 255 255 255 255 255 255 255 255 255 255 255
255 255 255 255 255 255 255 255 229 255  69   0   0 255 255 255
255 255 118   1 255 255 253   0 255 255 255 255 255 255 255 255
255 255   0   0 255 255   0 255 255 255 255   0 255 255 255 255
255 255 255 174 255 255   1 255 255 255 255   0 255 255 255 255
255 255   0 255 255 255 100 255 255 255 227 202  43 255 255 255
255 255 255 255 255 255 255 255 255 255 247  91  89 255 255 255
255 255 255 255 255 255 255 255 255 255 255   0 235 255 255 255
255 255 255 255 255 255 255 255 255 255 255 255   0 255 255 255
255 255 248 248 255 255 255 255 255 255 255 255 255 255 255 255
255 255 255 255 255 255 255 255 255 255 255 255 255 255 255 255
255 255 255 255 255 255 255 255 255 255 255 255 255 255 255 255
255 255 255 255 255 255 255 255 255 255 255 255 255 255 255 255
255 255   8   8 255 255 255 255 255 255  69   0   1 255 255 255
255 255 255   0 255 255 255 255 255 255  69 255   0 255 255 255
255 255 255 111 255 255 255 255 255 255  69   0   0 255 255 255
255 255 255 255 255 255 255 255 255 255 255 255 255 255 255 255
255 255 255 255 255 255 255 255 229 255  69   0   0 255 255 255
255 255 118   1 255 255 253   0 255 255 255 255 255 255 255 255
255 255   0   0 255 255   0 255 255 255 255   0 255 255 255 255
255 255 255 174 255 255   1 255 255 255 255   0 255 255 255 255
255 255   0 255 255 255  99 255 255 255 227 202  43 255 255 255
255 255 255 255 255 255 255 255 255 255 247  92  89 255 255 255
255 255 255 255 255 255 255 255 255 255 255   0 235 255 255 255
255 255 255 255 255 255 255 255 255 255 255 255   0 255 255 255
255 255 248 248 255 255 255 255 255 255 255 255 255 255 255 255
255 255 255 255 255 255 255 255 255 255 255 255 255 255 255 255

254 254 254 254 254 254 254 254 254 254 254 254 254 254 254 254
254 254 254 254 254 254 254 254 254 254 254 254 254 254 254 254
254 254 254 254 254 254 254 254 254 254 254 254 254 254 254 254
254 254 146 177 192 223 130 217 134 139 124 154 172 152 254 254
254 254 150 205 133 227 148 253  38  60 169 111 141 238 254 254
254 254 115 195 203 237 191 218 168 189 143 176 188 244 254 254
254 254 254 254 254 254 254 254 254 254 254 254 254 254 254 254
254 254 254 254 254 247 144 213 161 249 254 254 254 254 254 254
254 254 254 254 254 209 215 179 122 179 247 254 254 254 254 254
254 254 254 254 254 211 221 179 102 127 136 254 254 254 254 254
254 254 254 254 254 253 253 253 252 253 252 254 254 254 254 254
254 254 216 223 227 247 236 218 230 251 208 221 242 243 228 254
254 254  98 109 162 171 171 125 168 154 138 113 155 207 143 254
254 242  88 159 197 228 159 160 150 239  96 123 208 194 121 254
254 251 240 249 252 252 248 248 246 252 243 246 251 247 240 254
254 254 254 254 254 254 254 254 254 254 254 254 254 254 254 254
254 254 254 254 254 254 254 254 254 254 254 254 254 254 254 254
254 254 254 254 254 254 254 254 254 254 254 254 254 254 254 254
254 254 254 254 254 254 254 254 254 254 254 254 254 254 254 254
254 254 146 177 192 223 130 217 134 139 124 154 172 152 254 254
254 254 150 205 133 227 148 253  38  60 169 111 141 238 254 254
254 254 115 195 203 237 190 218 168 189 143 176 188 244 254 254
254 254 254 254 254 254 254 254 254 254 254 254 254 254 254 254
254 254 254 254 254 247 144 213 161 249 254 254 254 254 254 254
254 254 254 254 254 209 216 178 122 179 247 254 254 254 254 254
254 254 254 254 254 211 221 179 102 127 136 254 254 254 254 254
254 254 254 254 254 253 253 253 252 253 252 254 254 254 254 254
254 254 216 223 227 247 236 218 230 251 208 220 242 243 228 254
254 254  98 109 162 171 171 125 168 154 138 113 155 207 143 254
254 241  89 159 197 228 158 160 150 239  96 123 208 194 121 254
254 251 240 249 252 252 248 248 246 252 243 246 251 247 240 254
254 254 254 254 254 254 254 254 254 254 254 254 254 254 254 254
254 254 254 254 254 254 254 254 254 254 254 254 254 254 254 254
254 254 254 254 254 254 254 254 254 254 254 254 254 254 254 254
254 254 254 254 254 254 254 254 254 254 254 254 254 254 254 254
254 254 146 177 192 223 130 217 134 139 124 154 172 152 254 254
254 254 150 205 133 227 148 253  38  60 169 111 141 238 254 254
254 254 115 195 203 237 191 218 168 189 143 176 188 244 254 254
254 254 254 254 254 254 254 254 254 254 254 254 254 254 254 254
254 254 254 254 254 247 144 213 161 249 254 254 254 254 254 254
254 254 254 254 254 209 215 178 122 179 247 254 254 254 254 254
254 254 254 254 254 211 221 179 102 127 136 254 254 254 254 254
254 254 254 254 254 253 253 253 252 253 252 254 254 254 254 254
254 254 216 223 227 247 236 218 230 251 208 221 242 243 228 254
254 254  98 109 162 171 171 125 168 154 138 113 155 207 143 254
254 241  88 159 197 228 159 160 150 239  96 123 208 194 121 254
254 251 240 249 252 252 248 248 246 252 243 246 251 247 240 254
254 254 254 254 254 254 254 254 254 254 254 254 254 254 254 254

254 254 254 254 254 254 254 254 254 254 254 254 254 254 254 254
254 254 254 254 254 254 254 254 254 254 254 228 144 121 241 254
254 254 254 159 238 245 254 254 254 254 254 243 208 195 247 254
254 254 254 179 141 189 254 254 254 254 254 243 155 208 251 254
254 254 254 162 112 176 254 254 254 254 254 221 113 124 246 254
254 254 254 135 172 144 254 254 248 137 252 209 139  96 244 254
254 254 254 150  61 190 254 250 188 127 254 251 154 239 252 254
254 254 254 143  38 168 254 169 122 102 253 231 168 150 246 254
254 254 254 220 253 219 254 217 179 180 254 219 125 160 249 254
254 254 254 139 148 191 254 154 216 222 254 237 172 160 248 254
254 254 254 226 227 238 254 249 210 212 254 248 172 228 253 254
254 254 254 197 132 203 254 254 254 254 254 228 162 198 252 254
254 254 254 183 207 196 254 254 254 254 254 224 109 160 249 254
254 254 254 154 146 115 254 254 254 254 254 217  99  88 241 254
254 254 254 254 254 254 254 254 254 254 254 254 254 242 251 254
254 254 254 254 254 254 254 254 254 254 254 254 254 254 254 254
254 254 254 254 254 254 254 254 254 254 254 254 254 254 254 254
254 254 254 254 254 254 254 254 254 254 254 228 144 121 241 254
254 254 254 159 238 245 254 254 254 254 254 243 208 195 247 254
254 254 254 179 141 189 254 254 254 254 254 243 155 208 251 254
254 254 254 162 112 176 254 254 254 254 254 221 114 124 246 254
254 254 254 135 172 144 254 254 248 137 253 209 139  96 244 254
254 254 254 150  61 190 254 250 188 128 254 251 154 239 252 254
254 254 254 143  38 169 254 169 122 102 253 231 168 150 246 254
254 254 254 220 253 219 254 217 179 180 254 219 125 160 249 254
254 254 254 139 148 191 254 154 216 222 254 237 172 159 248 254
254 254 254 226 227 238 254 249 210 212 254 248 172 228 253 254
254 254 254 197 132 203 254 254 254 254 254 228 162 198 252 254
254 254 254 183 207 196 254 254 254 254 254 224 109 160 249 254
254 254 254 154 146 115 254 254 254 254 254 217  99  89 241 254
254 254 254 254 254 254 254 254 254 254 254 254 254 242 251 254
254 254 254 254 254 254 254 254 254 254 254 254 254 254 254 254
254 254 254 254 254 254 254 254 254 254 254 254 254 254 254 254
254 254 254 254 254 254 254 254 254 254 254 228 144 121 241 254
254 254 254 159 238 245 254 254 254 254 254 243 208 195 247 254
254 254 254 179 141 189 254 254 254 254 254 243 155 208 251 254
254 254 254 162 112 176 254 254 254 254 254 221 113 123 246 254
254 254 254 135 172 144 254 254 248 137 253 209 139  96 244 254
254 254 254 150  61 190 254 250 188 127 254 251 154 239 252 254
254 254 254 143  38 169 254 169 122 102 253 231 168 150 246 254
254 254 254 220 253 219 254 217 179 180 254 219 125 160 249 254
254 254 254 139 148 191 254 154 216 222 254 237 172 160 248 254
254 254 254 226 227 238 254 249 210 212 254 248 172 228 253 254
254 254 254 197 132 203 254 254 254 254 254 228 162 198 252 254
254 254 254 183 207 196 254 254 254 254 254 224 109 160 249 254
254 254 254 154 146 115 254 254 254 254 254 217  99  88 241 254
254 254 254 254 254 254 254 254 254 254 254 254 254 242 251 254
254 254 254 254 254 254 254 254 254 254 254 254 254 254 254 254
